0 140 200
2,563495
0,02999992
6,229996
IcoSphere
0
0
0
500
500
500
0
0
0
255 215 0
IcoSphere
-201,43884
79,13669
406,47482
100
100
100
0
0
0
255 255 255
IcoSphere
201,43884
79,942444
406
100
100
100
0
0
0
255 255 255
Toroid
0
-273,3813
327,33813
186,33093
100
100
1,8081151
0
0
205 133 63
IcoSphere
0
-115,10791
500
56,834534
100
42,446045
3,0285928
0
0
241 203 8
IcoSphere
-223,02158
79,13669
500
42,446045
42,446045
15,251797
0
0
0
0 0 0
IcoSphere
208,85611
79,942444
500
42
42
15
0
0
0
0 0 0
Cylinder
0
363,30936
0
294,2446
229,4964
323,02158
0
0
0
255 255 255
Box
0
500
262,58994
100
215,10791
143,16547
0
0
0
255 0 0
Conus
420,8633
154,67625
0
100
215,10791
100
0
0
0,9492604
255 225 0
Conus
-420,66907
154,6
0
100
215
100
0
0
5,3339396
255 225 0
Toroid
0
-500
0
100
100
100
0
0
0
255 255 255
Cylinder
0
-500
0
100
-183,45325
100
0
0
0
255 255 255
